100
2 3 2
1 1 1
2 1 2
3 2 3
18 1 18
10 18 10
1 100 1
4 29 4
30 9 30
84 5 84
4 1 4
30 5 30
5 10 5
1 4 1
1 42 1
60 9 60
80 8 80
92 8 92
71 7 71
76 6 76
91 6 91
50 8 50
64 8 64
3 4 3
1 2 1
49 10 49
40 2 40
4 4 4
17 11 17
40 9 40
14 7 14
3 9 3
2 25 2
2 4 2
6 20 6
100 3 100
48 2 48
80 9 80
96 1 96
73 4 73
86 2 86
100 4 100
4 2 4
4 3 4
70 9 70
10 5 10
2 59 2
68 4 68
67 1 67
8 19 8
11 1 11
1 52 1
100 1 100
25 1 25
49 1 49
23 2 23
73 6 73
2 2 2
6 22 6
3 3 3
5 8 5
47 6 47
81 3 81
51 1 51
82 6 82
55 1 55
1 21 1
3 1 3
71 6 71
52 7 52
18 14 18
92 6 92
41 10 41
100 9 100
59 3 59
45 3 45
15 12 15
100 2 100
1 3 1
1 87 1
8 5 8
6 12 6
83 5 83
66 3 66
1 12 1
81 7 81
16 14 16
28 11 28
41 3 41
5 1 5
3 37 3
44 6 44
1 45 1
61 10 61
49 8 49
22 7 22
2 19 2
38 6 38
13 2 13
16 4 16
