100
2 3 2
1 1 1
2 1 2
3 2 3
96 9 96
61 7 61
100 3 100
1 59 1
2 59 2
84 3 84
11 10 11
46 6 46
92 4 92
50 6 50
94 1 94
1 2 1
11 12 11
88 3 88
4 3 4
2 17 2
3 35 3
1 10 1
94 9 94
4 1 4
17 6 17
20 13 20
1 54 1
65 9 65
49 1 49
53 2 53
10 5 10
2 38 2
2 51 2
100 9 100
37 4 37
42 8 42
2 2 2
2 45 2
18 13 18
63 7 63
70 1 70
22 10 22
3 1 3
94 8 94
60 7 60
39 8 39
1 3 1
51 6 51
16 3 16
10 18 10
19 1 19
1 20 1
5 21 5
5 25 5
88 9 88
80 8 80
4 4 4
3 9 3
3 37 3
27 3 27
68 5 68
10 1 10
1 4 1
53 4 53
7 14 7
73 3 73
2 4 2
100 2 100
23 5 23
35 7 35
4 29 4
9 3 9
3 4 3
35 11 35
36 6 36
76 8 76
3 3 3
14 7 14
100 1 100
59 2 59
11 2 11
4 2 4
23 11 23
40 10 40
55 1 55
1 65 1
20 8 20
47 5 47
47 1 47
61 1 61
73 1 73
1 56 1
16 8 16
1 94 1
100 4 100
1 100 1
48 8 48
50 9 50
20 1 20
72 8 72
