Case #1: 2
Case #2: 1
Case #3: 1 2
Case #4: 2 3
Case #5: 28
Case #6: 94148410 527149361350460 8171587429893700744954 8661882243085438751024 16343166350385214161454 24024450535647236772964 24514745270876728423194 32196029456138750189464 32686324269330488195534 40367608376630263605964 48048892561892286217474 48539187297121777867704 56220471482383799633974 56710766295575537640044 64392050402875313050474 72073334588137335661984 8529242
Case #7: 55754814295 28795418314532870212743610 134059301190594251675419183 179138581650129612538
Case #8: 84 20013 39942 387952013 3573429053 3702588902 3831748822 7017691693 7146851542 7276011391 10461954333 10591114182 10720274031 10849899782 14035376822 14164536671 14293696591 17479639462 17608799311 17737959160 20923902102 21053061951 21182221800 21311847551 24497324591 24626484440 24755644360
Case #9: 6
Case #10: 21227 2780632 7636460692370 9050548138075 15272532899177 43072
Case #11: 1235 56790
Case #12: 22876
Case #13: 123456790
Case #14: 11687 1238742 1209882589855 1484830030760 21342
Case #15: 1228 163208 375549756 55662447376 61847015012 105138988464 111323556100 117508151504 120330
Case #16: 246207 75339062 13540665907040775 14632650510044080 27081274984281757 28173259587285062 40621884061522739 41713868664526044 54162493138763721 55254477741767026 67703102216004703 68795086819008008 1430342
Case #17: 1 2 3 4 5 6 7 8 9 10 11 12 13 14 15 16 17 18 19 20 21 22 23 24 25 26 27 28 29 30 31 32 33 34 35 36 37 38 39 40 41 42 43 44 45 46 47 48 49 50 51 52 53 54 55 56 57 58 59 60 61 62 63 64 65 66 67 68 69 70 71 72 73 74 75 76 77 78 79 80 81 82 83 84 85 86 87 88 89 90 91 92 93 94 95 96 97 98 99 100
Case #18: 1024708804 7021819898438860939 261982610395056032076064 496593020814397783907471 523964248518891923200841 758574645782662740329678 993185056202004491950728 1020608485211968366159095 1255166681170270283279868
Case #19: 1
Case #20: 6
Case #21: 7 4
Case #22: 6
Case #23: 342392
Case #24: 1
Case #25: 2025338633733 111966014315777587849782132014 807322069886426355613372647367 1502857686511317246862921523376 2198393358402768384995660906729 2893929030311229852536489914738 3051626791
Case #26: 1 2 3 4 5 6 7 8 9 10 11 12 13 14 15 16 17 18 19 20 21 22 23 24 25 26 27
Case #27: 1 2 3 4 5 6 7 8 9 10 11 12 13 14 15 16 17 18 19 20 21 22 23 24 25 26 27 28 29 30 31 32 33 34 35 36 37 38 39 40 41 42 43 44 45 46 47 48 49 50 51 52 53 54 55 56 57 58 59 60 61 62 63 64 65 66 67 68 69 70 71 72 73
Case #28: 623749 2203459053506
Case #29: 195
Case #30: 202019 57777174 7429905471700051 8070411280352156 14859772852064469 15500278660716574 22289640232428887 22930146041080992 29719507612793305 30360013421445410 37149374993157723 3339362362
Case #31: 2
Case #32: 1866
Case #33: 1
Case #34: 95118413940405 767172140987651736072494679060830 9111536571715163489539184346050623 17456674107327786050964464619272616 25801811721820613194657672511166809 34146949336321488517575680722173202 42492086950822364661652675240731795 50837224565323240805813452943282588 59182362179824116949974239194265581 67527499794324993094135025446120774 75872637408825869238295811697976056
Case #35: 56 8645 17234 71163261 434133817 457813690 481493606 844584949 868264822 891944695 1255036081 1278715954 1302395827 1326196530 1689167086 1712846959 1736526875 747462
Case #36: 6
Case #37: 2 204 406 608 810 1000102 1020104 1040106 1060108 1080110 2000202 2020204 2040206 2060208 2080210 3000302 3020304 3040306 3060308 3080310 4000402 4020404 4040406 4060408 4080410 5000502 5020504 5040506 5060508 5080510 6000602 6020604 6040606 6060608 6080610 7000702 7020704 7040706 7060708 7080710 8000802 8020804 8040806 8060808 8080810 9000902 9020904 9040906 9060908 9080910
Case #38: 2
Case #39: 2
Case #40: 1866
Case #41: 1611 82136 12
Case #42: 102030405060709 901000101010201030104010501060108 10801090200020102020203020402050207 20702080209030003010302030303040306 30603070308030904000401040204030405 40504060407040804090500050105020504 50405050506050705080509060006010603 60306040605060606070608060907000702 70207030704070507060707070807090801 80108020803080408050806080708080810 90009010902090309040905090609070909 910
Case #43: 770411 347454936 427982050479226066 451497516549160091 855963532952025321 879478999021959346 1283945015424824576 1307460481494758601 1711926497897623831 1735441963967557856 2139907980370423086 2163423446440357111 2567889462843222341 2591404928913156366 2995870945316021596 3019386411385955621 3423852427788820851 3447367893858754876 820
Case #44: 103 30406 60709 901000102 10201030105 10501060108 10801090201 20102020204 20402050207 20702080210 30003010303 30303040306 30603070309 30904000402 40204030405 40504060408 40804090501 50105020504 50405050507 50705080510 60006010603 60306040606 60606070609 60907000702 70207030705 70507060708 70807090801 80108020804 80408050807 80708080810 90009010903 90309040906 90609070909 910
Case #45: 7597741280 19009324086802029759026 5099602760829649785926140 9383224804762856626354118 13666846848696310308822606 1277774996436
Case #46: 197872851104 22911711627239194056338514 17590583972611114508893502524 33464979889197392070459050534 49339375805783682352421406894 65213771722369972634384144536 66929923056651335756212873346 82804318548857496207767451756 98678714465443773769332999766 102919613720218
Case #47: 22876
Case #48: 7108942234 343001326229402551099 40608584436160010549083984 78286607553749849354223491 81217120927402334122493531 118895143580485564511591888 156573166698075403316013528 159507697124877476217698235 197181702724811124682213608 234859725842400957277803565 272537748959990796082943155 275468261869190378829229912 313146284986726511239593685 7248702
Case #49: 18389568778267 13912358551012076148536677
Case #50: 1 2 3 4 5 6 7 8 9 10 11 12 13 14 15 16 17 18 19 20 21 22 23 24 25 26 27 28 29 30 31 32 33 34 35 36 37 38 39 40 41 42 43 44 45 46 47 48 49 50 51 52 53 54 55 56 57 58 59 60 61 62 63 64 65 66 67
Case #51: 1 2 3
Case #52: 364 25064 16067180 682456128 7802
Case #53: 28 1981 3934 3531277 10564405 11738158 12911926 19954429 55
Case #54: 67 12550 25033 151257154 1107570757 1157914696 1208258689 2164793476 2215137415 2265481354 3222016195 3272360134 3322704073 3373269250 4329582853 4379926792 4430270785 5386805572 5437149511 5487493450 6444028291 388
Case #55: 1
Case #56: 2
Case #57: 1 2 3 4 5 6 7 8 9 10 11 12 13 14 15 16 17 18 19 20 21 22 23 24 25 26 27 28 29 30 31 32 33 34 35 36 37 38 39 40 41 42 43 44
Case #58: 1
Case #59: 93220311653 4459703960776657224921339 2682058094834124828150539545 5070184725662076604524901415 7458311356490033538175404885 9846437987317990471826164285 10140361368883260276469426955 12528487895786316493049055225 8183182558
Case #60: 123456790
Case #61: 2 170 338 506 674 571872 585652 599432 613212 626992 1143742 1157522 1171302 1185082 1198862 1715612 1729392 1743172 1756952 1770732 2287482 2301262 2315042 2328822 2342602 2859352 2873132 2886912 2900692 2914472 3431222 3445002 3458782 3472562 3486342 4003092 4016872 4030652 4044432 4058212 4574962 667
Case #62: 6
Case #63: 1
Case #64: 2
Case #65: 73686780445 14
Case #66: 28
Case #67: 268822560488 44599799531040148808217686 37829179535012596292035596964 72139303278458691394315776242 106449427021904804849542707450 140759550765350918304770086728 144278538567697511759997466006 178588661559406907903224845284 212898785302853003005505024562 247208909046299116460731955770
Case #68: 28
Case #69: 10204 4050608 80901000102 102010301040106 106010701080110 200020102020204 204020502060208 208020903000302 302030303040306 306030703080310 400040104020404 404040504060408 408040905000502 502050305040506 506050705080510 600060106020604 604060506060608 608060907000702 702070307040706 706070707080710 800080108020804 804080508060808 808080909000902 902090309040906 906090709080910
Case #70: 14709227116506 16820168331113812996773373242486 33640139105605891296831923152226 50460109880097969596890473061966 1277774996436
Case #71: 101840775152 5405596631887995353332682 3345428089431745631210702380 6329179555485044349235967630 9312931021538348802815076630 12296682487591653256394453880 12658349454595795538491719130 15642100798015060955052984380 40742235264128
Case #72: 704785453280 362180423134876038241914876 420571263616172672529405103240 807496388197239783233315283668 1194421512778306951892844621756 1581346637359374120552374702152 1614992304891302493827399528660 2001917424947490666181397605728 2388842549528557776885307786156 2775767674109624945544837124244 3162692798690692114204367204640 40939388074530646668802
Case #73: 1 2 3 4 5 6 7 8 9 10 11 12 13 14 15 16 17 18 19 20 21 22 23 24 25 26 27 28 29 30 31 32 33 34 35 36 37 38 39 40 41 42 43 44 45 46 47 48 49 50 51 52 53 54 55 56 57 58 59 60 61 62 63 64 65 66 67 68 69 70 71 72 73 74 75 76 77 78 79 80 81 82 83 84 85 86 87 88 89 90 91 92 93 94 95 96 97 98 99
Case #74: 1
Case #75: 342392
Case #76: 1
Case #77: 6
Case #78: 97 26890 53683 703504744 7496047207 7730298406 7964549689 14757834376 14992085575 15226336774 22019621545 22253872744 22488123943 22723117450 29515659913 29749911112 29984162395 36777447082 37011698281 37245949480 44039234251 44273485450 44507736649 44742730156 51535272619 51769523818 52003775101 58797059788 59031310987 59265562186 66058846957 850
Case #79: 31384283657
Case #80: 651111 277372886 257362619475450591 272325538940496616 514724834274242221 529687753739288246 772087049073033851 787049968538079876 1029449263871825481 1044412183336871506 1286811478670617111 1301774398135663136 1544173693469408741 1559136612934454766 1801535908268200371 1816498827733246396 2058898123066992001 694
Case #81: 1
Case #82: 1
Case #83: 1 2 3 4 5 6 7 8 9 10 11 12 13 14 15 16 17 18 19 20 21 22 23 24 25 26 27 28 29 30 31 32 33 34 35 36 37 38 39 40 41 42 43 44 45 46 47 48 49 50 51 52 53 54 55 56 57 58 59 60 61 62 63 64 65 66
Case #84: 87 21510 42933 448677014 4282307657 4431690236 4581072889 8415225676 8564608255 8713990834 12548143695 12697526274 12846908853 12996813650 16830444293 16979826872 17129209525 20963362312 21112744891 21262127470 25096280331 25245662910 25395045489 25544950286 29378580929 29527963508 29677346161 33511498948
Case #85: 2503 482903 2311802901 706205544211 761593761827 1357017101199 1412405318815 1467793630109 2063216875803 2118605093419 2714028432791 2769416650407 205
Case #86: 2307 426627 1878781057 528425647883 571562036763 1013710022783 1056846411663 1099982882313 1542130786563 1585267175443 2027415161463 937325284
Case #87: 750815336453 415542596050445514996445451 492606851803307317655953177369 946194841437773233571086059287 1399782831072239211975952180245 1853370820706705190380819068413 1892389147485519464486369550331 2345977132030157551998420032249 2799565121664623467913552914167 3253153111299089446318419035125 3706741100933555424723285923293 415042595868406614828679935
Case #88: 8839 3261239 56329120805 61471249566003 64059509555203 120354164320303 122942424309503 125530685016653 181825339063803 184413599053003 240708253818103 243296513807303 245884774514453 302179428561603 304767688550803 361062343315903 363650603305103 366238864012253 422533518059403 425121778048603 481416432813703 484004692802903 486592953510053 840
Case #89: 1 2 3 4
Case #90: 15038336683837 11165921413554677583725273127796 104081337390918789808363608367855 197010906711274560498355894430314 289940478482001347749716835955173 382870050253152368210316241582432 475799622024303462118493423952091 568729193795454556039386599704150 102919613720218
Case #91: 423856 38411734402 2579200207050658 3152325459407554 55
Case #92: 1 2 3 4 5 6 7 8 9 10 11
Case #93: 1
Case #94: 359814038480 84043888459811405968703706 78381713315511497513874073420 149796050752820084912086221758 221210388190128698310036435526 292624725627437311707987171512 299591979354798016140083298090 371006315497654108510355137948 442420652934962695908567286286 513834990372271309306517500054 236105788744900
Case #95: 2
Case #96: 2 114 226 338 450 166432 172484 178536 184588 190640 332862 338914 344966 351018 357070 499292 505344 511396 517448 523500 665722 671774 677826 683878 689930 832152 838204 280
Case #97: 2 12
Case #98: 28
Case #99: 5332 1519352 15721579082 10311257076558 10868620870738 20065123474708 20622487268888 21179851384538 30376353667038 30933717461218 40130220065188 40687583859368 41244947975018 50441450257518 50998814051698 60195316655668 60752680449848 61310044565498
Case #100: 619754707328 273915455654016683755996514 305005377217651321098289373020 585112018562481346868373391190 865218659907311422365441247710 1145325301252141497862509798360 1170223672934088162854546341330 1450330310716512074241858557900 1730436952061342100011942576070 2010543593406172175509010432590 2290650234751002251006078983240 451181499284478
