Case #1: 3 4 6
Case #2: 46 63 112 124 139 166 192
Case #3: 22 222
Case #4: 11 15 17 19 24 28
Case #5: 15 38 57 71
Case #6: 8 12 16 20 24 27 31
Case #7: 18 25 26 30 33 35 38 41 42 45
Case #8: 7 11 14 17 18 20 22 26
Case #9: 4 6
Case #10: 3 4 5
Case #11: 14 16 19 21 24 26 28 30 32 34
Case #12: 7 8 10 11 13 14 17 19 20 23
Case #13: 4 8 12 16
Case #14: 18 22 28 32 42 46 47 51
Case #15: 6 8
Case #16: 4 7 10 11 12 14 15
Case #17: 9 11 16 23 26
Case #18: 2 9 16 23 30 37 44
Case #19: 7 8 9 11 13 15 16 18 19 21
Case #20: 41 53 68 76 104 119 142 156 170 177
Case #21: 4 5 7
Case #22: 7 8 9 10 11 12 13 14 15 16
Case #23: 6 9 13 14 18 21
Case #24: 4 8
Case #25: 13 14 20 21 26 28 32 34 38
Case #26: 1 2 3 4 5 6 7
Case #27: 19 26 32 34 39 42 48
Case #28: 6 11 15 16 18 20 23 25 26
Case #29: 4 6 8 11 12 15 17 18 21 22
Case #30: 14 21 25 28 30 32
Case #31: 1 4 7
Case #32: 2 4
Case #33: 4 12 19 25 26 27 28 29 30 52
Case #34: 10 15 16 20 22 24 26 28 30
Case #35: 3 4 5
Case #36: 10 13 18 20 23 26 29
Case #37: 3 8 12 13 14 15 27
Case #38: 2 6
Case #39: 3 4 5 7 8 11 12
Case #40: 51 52 53 54 55 56 57 58 59 60
Case #41: 15 19 21 25 31 35 39 41 43 48
Case #42: 7 9 11 13
Case #43: 10 13 16 19
Case #44: 2 3 4
Case #45: 1 2 3
Case #46: 14 15 19 21 22 25 26 28 30 31
Case #47: 2 22
Case #48: 4 5 7 9
Case #49: 16 22 27 31
Case #50: 3 4 5 6
