50
3
1 2 3
2 3 5
3 5 6
2 3 4
1 2 3
7
25 36 64 91 96 120 135
26 36 46 54 63 84 89
69 91 94 107 124 138 159
79 89 140 159 160 180 200
36 54 92 107 134 155 174
92 120 128 155 166 167 180
110 135 152 174 192 199 200
29 46 83 94 115 128 152
48 64 83 92 112 127 140
2 26 48 69 82 92 110
82 96 115 134 139 141 160
71 84 127 138 141 167 199
2 25 29 36 46 71 79
2
2 22
2 22
22 222
6
6 10 11 14 16 20
15 25 28 31 34 35
3 6 11 12 15 17
17 20 28 30 35 42
11 14 19 24 31 35
13 16 24 29 34 40
7 10 15 20 25 26
3 7 9 11 13 17
12 20 22 24 29 30
17 26 30 35 40 42
9 11 17 22 28 30
4
46 55 85 107
29 46 70 77
69 78 97 125
71 77 107 125
38 46 55 78
15 29 46 69
57 70 85 97
7
10 16 19 22 29 34 38
9 13 18 21 27 31 32
5 12 13 16 20 23 27
4 8 9 10 11 12 16
12 20 21 22 23 29 31
13 24 27 29 33 35 37
9 16 18 19 21 25 28
11 20 21 23 33 36 42
14 27 31 34 36 37 41
4 5 9 12 13 14 15
12 23 25 29 35 37 43
16 27 28 31 37 41 47
15 31 32 38 42 43 47
10
9 13 15 18 19 24 27 29 30 31
19 28 30 31 35 36 40 42 43 47
4 10 13 15 18 19 21 23 27 28
18 21 23 26 29 34 37 39 41 42
12 18 21 24 26 28 31 34 37 40
1 4 6 9 12 14 17 18 19 22
17 20 21 23 25 31 32 37 38 40
14 18 19 22 23 28 31 34 35 36
7 13 14 18 20 22 23 26 28 30
10 16 18 19 21 23 25 29 30 33
12 16 18 20 21 26 29 32 33 35
17 23 24 29 32 34 37 39 40 42
22 26 28 30 33 40 41 42 45 47
6 10 13 14 18 21 22 24 26 30
3 7 10 13 16 18 20 21 24 26
15 20 22 27 29 31 32 37 38 41
4 7 10 13 16 18 20 23 25 28
1 3 4 7 10 12 15 17 18 19
19 24 27 28 30 37 38 40 42 43
8
5 8 11 14 16 18 20 23
18 20 22 26 29 32 34 35
3 6 8 10 12 15 18 20
18 21 25 27 31 32 35 37
8 11 14 17 18 19 22 25
16 20 22 23 28 30 34 36
15 18 20 23 24 29 30 32
13 17 19 21 26 29 32 33
20 23 26 29 31 33 36 37
12 16 18 20 23 26 28 31
3 5 7 10 11 13 16 18
10 14 17 19 20 21 23 27
11 15 18 20 23 24 29 31
10 12 17 19 20 23 26 29
6 8 11 12 15 17 20 21
2
7 11
4 7
6 11
3
2 3 4
1 2 3
2 3 4
1 2 3
3 4 5
10
8 10 13 14 16 17 18 21 22 24
5 8 10 11 13 14 17 18 19 21
11 16 17 19 20 22 24 26 28 32
1 3 4 6 7 8 10 11 12 14
12 14 18 19 22 23 25 27 28 29
9 13 15 16 17 18 21 23 25 28
7 12 13 15 16 17 19 21 23 26
4 7 9 10 11 13 15 16 17 19
3 5 6 8 10 12 13 15 16 18
4 6 9 10 12 13 15 16 18 19
10 15 16 18 19 21 23 25 27 30
11 13 16 18 20 21 23 25 26 28
7 9 12 13 15 16 17 19 20 22
1 2 4 5 6 7 9 10 11 13
2 5 7 8 9 10 12 13 14 16
10 12 15 17 18 19 21 23 24 25
6 8 10 11 12 15 16 18 19 20
13 18 19 20 22 24 25 28 29 34
6 10 11 12 15 16 18 20 22 24
10
12 16 17 19 20 22 25 27 29 30
14 17 18 19 21 23 26 28 30 33
3 4 5 6 7 10 12 14 16 17
13 17 18 21 23 25 27 28 31 33
13 15 16 17 19 20 24 26 29 31
10 12 14 16 17 19 21 22 24 26
9 11 12 13 14 16 19 20 22 25
11 14 15 17 19 20 23 24 26 28
1 2 4 5 6 8 10 11 12 13
11 12 13 14 16 18 21 23 25 27
12 13 14 15 17 19 22 24 27 28
4 5 6 9 10 12 13 14 16 18
1 3 4 5 7 9 11 12 13 14
5 6 7 10 11 13 14 15 17 19
8 10 11 12 14 16 18 19 20 23
2 4 5 7 8 11 12 13 15 17
4 5 6 7 9 11 14 15 17 18
6 7 9 11 13 14 16 17 19 21
5 7 9 10 11 12 16 17 19 21
4
1 5 9 13
9 10 11 12
5 6 7 8
13 14 15 16
1 2 3 4
3 7 11 15
2 6 10 14
8
9 10 18 23 28 33 36 40
6 8 13 14 21 22 26 28
20 22 33 36 41 46 50 51
7 8 10 14 19 22 27 31
26 28 40 42 47 51 52 58
16 21 28 32 37 42 45 50
16 19 26 30 37 41 46 47
12 13 18 22 26 28 31 34
19 27 31 34 45 50 51 52
13 14 22 26 32 36 38 42
3 6 9 13 16 18 19 24
13 14 23 26 30 32 34 36
24 26 36 38 46 47 51 55
3 7 12 13 16 20 24 26
24 31 34 36 50 51 55 58
2
2 6
2 4
4 8
7
8 12 16 19 20 24 25
8 11 14 15 19 20 22
6 9 12 14 16 19 21
13 16 22 23 25 28 31
10 14 19 20 22 26 28
4 10 12 14 16 19 22
1 4 6 8 10 11 13
7 11 14 15 19 21 23
11 15 19 21 24 26 27
3 7 9 11 12 15 16
13 15 21 22 25 27 31
10 12 16 19 20 22 25
1 3 4 7 8 10 13
5
8 12 13 16 20
3 8 12 15 19
6 8 10 11 17
10 15 19 23 25
14 19 22 26 29
2 3 5 9 13
2 6 8 10 14
5 10 13 19 22
13 17 20 25 29
7
3 10 17 24 31 38 45
4 11 18 25 32 39 46
43 44 45 46 47 48 49
5 12 19 26 33 40 47
1 2 3 4 5 6 7
8 9 10 11 12 13 14
22 23 24 25 26 27 28
7 14 21 28 35 42 49
36 37 38 39 40 41 42
29 30 31 32 33 34 35
6 13 20 27 34 41 48
1 8 15 22 29 36 43
15 16 17 18 19 20 21
10
6 8 11 13 15 18 20 21 23 25
15 18 20 21 23 25 28 30 31 33
7 10 12 15 16 19 22 23 25 27
2 4 6 7 8 10 12 14 15 16
12 14 15 17 20 22 24 26 28 29
16 20 21 22 25 27 30 32 34 36
3 5 7 8 10 12 14 16 18 20
10 13 15 18 20 23 26 28 30 32
4 5 6 7 8 10 11 13 15 17
14 16 17 19 21 23 26 28 29 31
2 3 4 5 6 7 9 10 11 13
11 15 17 19 21 24 28 29 31 34
4 6 8 9 11 14 15 17 20 21
8 10 11 13 15 16 18 20 21 23
10 12 14 16 18 19 21 23 24 26
6 7 8 10 11 12 13 15 17 18
13 17 18 21 23 26 29 31 33 36
9 11 13 16 18 21 24 26 28 30
5 7 10 11 13 16 17 19 21 22
10
71 89 104 121 124 151 176 182 201 218
17 41 51 75 87 88 113 115 130 147
130 170 188 201 214 227 242 274 299 307
75 76 99 121 145 168 173 184 205 219
129 143 176 219 238 239 252 285 307 318
147 177 191 218 231 240 256 286 302 318
41 53 73 89 90 108 111 124 130 143
113 142 154 176 185 193 214 225 246 252
88 119 138 151 167 190 205 220 234 239
128 130 173 205 221 234 246 269 299 302
122 124 151 184 217 220 225 253 274 286
17 41 50 71 74 94 98 122 128 129
98 111 150 173 203 205 214 233 242 256
87 104 110 124 161 188 203 217 221 238
51 68 89 104 128 139 150 151 173 176
115 156 174 182 194 213 233 253 269 285
94 108 139 168 188 190 193 213 227 240
50 73 89 99 110 138 154 174 188 191
74 90 128 145 161 167 185 194 214 231
3
4 7 8
2 4 5
5 6 8
3 5 6
2 3 4
10
7 8 9 10 11 12 13 14 15 16
5 6 7 8 9 10 11 12 13 14
8 9 10 11 12 13 14 15 16 17
1 2 3 4 5 6 7 8 9 10
6 7 8 9 10 11 12 13 14 15
4 5 6 7 8 9 10 11 12 13
3 4 5 6 7 8 9 10 11 12
10 11 12 13 14 15 16 17 18 19
6 7 8 9 10 11 12 13 14 15
5 6 7 8 9 10 11 12 13 14
9 10 11 12 13 14 15 16 17 18
8 9 10 11 12 13 14 15 16 17
2 3 4 5 6 7 8 9 10 11
10 11 12 13 14 15 16 17 18 19
3 4 5 6 7 8 9 10 11 12
4 5 6 7 8 9 10 11 12 13
2 3 4 5 6 7 8 9 10 11
9 10 11 12 13 14 15 16 17 18
1 2 3 4 5 6 7 8 9 10
6
10 11 19 24 25 31
1 4 5 7 9 10
9 10 17 21 24 28
4 8 10 12 16 18
10 16 18 21 28 31
4 5 8 9 10 11
1 2 4 6 9 10
9 13 16 18 24 25
2 5 9 10 13 16
5 9 10 13 17 19
7 10 12 14 21 24
2
2 6
6 8
2 4
9
21 27 30 33 37 39 42 48 49
7 8 15 16 18 19 22 25 26
1 5 7 8 12 14 15 17 21
15 19 22 28 32 37 39 42 47
7 11 15 16 20 21 27 30 33
5 7 11 14 16 17 19 20 24
24 30 33 36 40 44 47 52 55
17 20 25 32 34 41 45 48 52
16 18 21 25 30 34 37 41 42
12 16 18 24 26 30 33 37 40
1 5 7 10 13 16 19 21 24
10 12 16 20 24 27 28 32 36
14 17 19 27 28 34 37 39 44
8 14 16 20 21 25 30 33 36
19 23 27 30 33 37 39 45 48
5 7 8 12 14 18 23 27 30
21 24 26 36 38 42 48 49 55
7
3 4 5 6 7 8 9
1 2 3 4 5 6 7
3 4 5 6 7 8 9
4 5 6 7 8 9 10
2 3 4 5 6 7 8
5 6 7 8 9 10 11
6 7 8 9 10 11 12
7 8 9 10 11 12 13
5 6 7 8 9 10 11
7 8 9 10 11 12 13
2 3 4 5 6 7 8
6 7 8 9 10 11 12
4 5 6 7 8 9 10
7
18 20 21 25 27 33 39
11 12 14 22 25 31 38
3 9 11 15 20 27 28
8 11 12 17 21 30 33
6 9 11 12 16 23 26
1 6 9 14 18 22 26
18 23 28 29 33 35 44
22 27 30 31 34 35 42
9 11 12 14 19 28 32
14 15 17 22 23 29 34
15 16 19 23 27 34 42
1 3 8 11 15 18 19
26 28 33 38 42 44 48
9
1 3 5 6 8 10 12 13 15
8 12 16 18 19 21 25 27 28
13 16 17 21 23 25 27 29 31
15 17 18 23 24 26 28 31 33
10 13 15 17 18 20 21 23 25
10 14 17 20 21 23 27 29 31
5 10 13 15 17 18 21 23 24
3 5 7 9 10 11 12 14 15
8 11 12 14 17 18 19 21 22
2 5 7 9 11 13 14 16 17
6 9 10 12 15 16 18 20 21
3 7 9 10 12 15 16 17 18
12 14 16 19 21 23 25 27 28
11 15 19 21 22 25 28 31 33
4 9 11 12 14 17 19 21 23
1 2 3 4 5 6 8 10 11
5 7 9 11 13 15 16 17 19
10
15 19 22 24 29 30 35 38 40 42
21 29 35 37 40 44 50 56 59 63
22 28 32 36 40 46 50 52 56 58
12 16 20 26 29 31 38 40 44 46
22 32 36 40 42 46 53 58 61 64
4 5 7 11 15 18 21 22 24 28
17 23 28 32 35 38 43 50 54 55
11 15 19 22 26 27 32 35 37 40
5 9 10 15 16 20 23 25 29 32
18 22 26 30 31 32 38 39 44 46
7 11 13 16 20 24 28 32 35 36
18 25 32 35 38 39 47 52 58 61
11 15 16 22 24 30 34 36 40 44
8 10 13 19 22 26 28 32 34 37
15 20 24 27 30 32 42 46 48 51
6 9 11 15 19 22 25 28 31 34
24 31 34 40 44 48 54 58 59 61
21 25 28 34 38 42 43 47 50 53
28 34 37 44 46 51 55 61 63 64
6
4 5 8 10 14 15
15 24 28 29 31 34
9 15 18 22 23 25
14 16 23 26 30 31
13 19 21 23 26 28
8 12 13 15 16 18
10 15 22 23 28 29
8 13 18 21 25 28
4 8 9 13 14 15
5 12 15 19 21 24
15 18 25 28 32 34
3
4 7 10
1 4 7
7 10 13
7 10 13
4 7 10
2
6 8
2 6
4 8
10
9 17 24 30 35 39 42 44 45 62
5 13 20 26 31 32 33 34 35 54
2 10 11 12 13 14 15 16 17 48
6 14 21 27 32 36 37 38 39 56
2 10 11 12 13 14 15 16 17 49
3 11 18 19 20 21 22 23 24 51
46 48 50 53 54 56 59 61 62 64
5 13 20 26 31 32 33 34 35 55
8 16 23 29 34 38 41 43 44 60
8 16 23 29 34 38 41 43 44 61
7 15 22 28 33 37 40 41 42 58
9 17 24 30 35 39 42 44 45 63
47 49 51 52 55 57 58 60 63 64
6 14 21 27 32 36 37 38 39 57
3 11 18 19 20 21 22 23 24 50
1 2 3 4 5 6 7 8 9 47
7 15 22 28 33 37 40 41 42 59
4 12 19 25 26 27 28 29 30 53
1 2 3 4 5 6 7 8 9 46
9
8 12 14 15 18 19 20 24 25
10 14 16 17 20 22 24 26 28
6 8 10 12 14 15 17 18 21
7 10 12 14 16 18 20 21 23
4 7 8 10 12 13 14 16 18
5 8 9 12 14 16 18 20 22
3 5 7 8 10 12 14 15 16
8 11 13 16 17 19 22 23 25
12 16 18 22 23 25 28 30 32
12 15 17 18 21 23 26 28 30
3 5 7 8 10 11 13 15 16
1 3 5 6 7 8 9 10 12
5 7 8 9 12 14 16 17 19
9 13 14 18 19 20 24 26 27
1 3 4 5 6 8 10 12 13
6 10 12 14 16 17 19 22 23
13 16 19 21 23 25 27 30 32
3
4 5 9
7 9 12
4 5 8
5 8 12
3 4 7
7
9 11 14 17 20 21 24
4 5 9 12 13 15 16
6 9 10 14 17 19 20
8 12 15 17 19 22 24
15 18 20 24 29 30 33
14 15 19 22 26 27 30
1 4 7 9 11 14 15
11 14 17 19 23 24 25
15 16 21 24 25 30 33
1 4 6 8 10 12 15
7 8 10 15 18 19 21
4 5 8 11 14 15 18
12 15 19 21 24 27 30
7
1 2 3 4 5 6 23
5 10 14 17 19 20 31
2 7 8 9 10 11 24
4 9 13 16 17 18 28
4 9 13 16 17 18 29
23 24 26 29 31 33 34
5 10 14 17 19 20 30
6 11 15 18 20 21 32
6 11 15 18 20 21 33
2 7 8 9 10 11 25
3 8 12 13 14 15 26
22 25 27 28 30 32 34
1 2 3 4 5 6 22
2
2 4
4 8
6 8
7
10 12 13 16 18 20 23
4 5 9 10 11 14 16
7 9 10 12 13 14 16
3 4 7 9 10 12 14
5 7 9 10 11 12 13
8 10 11 14 15 16 18
7 8 11 13 15 16 19
11 14 16 18 19 21 23
9 12 14 15 16 17 20
1 3 5 7 8 9 11
5 7 10 12 14 15 18
9 11 12 14 16 17 21
1 3 4 5 7 9 10
10
31 32 33 34 35 36 37 38 39 40
5 15 25 35 45 55 65 75 85 95
71 72 73 74 75 76 77 78 79 80
4 14 24 34 44 54 64 74 84 94
7 17 27 37 47 57 67 77 87 97
11 12 13 14 15 16 17 18 19 20
91 92 93 94 95 96 97 98 99 100
8 18 28 38 48 58 68 78 88 98
41 42 43 44 45 46 47 48 49 50
9 19 29 39 49 59 69 79 89 99
6 16 26 36 46 56 66 76 86 96
1 2 3 4 5 6 7 8 9 10
10 20 30 40 50 60 70 80 90 100
21 22 23 24 25 26 27 28 29 30
61 62 63 64 65 66 67 68 69 70
3 13 23 33 43 53 63 73 83 93
2 12 22 32 42 52 62 72 82 92
81 82 83 84 85 86 87 88 89 90
1 11 21 31 41 51 61 71 81 91
10
1 5 7 10 12 14 19 22 24 26
5 9 12 16 19 20 25 31 32 35
28 32 38 39 44 48 55 60 61 63
24 25 27 30 37 42 46 50 51 53
26 33 39 45 48 50 53 61 63 67
6 9 10 12 17 21 24 28 29 33
7 10 16 20 21 22 27 33 38 39
19 24 27 31 39 40 46 50 55 58
33 35 39 40 47 50 58 62 66 67
14 16 20 23 26 30 31 35 40 45
22 28 33 35 41 42 50 53 60 62
19 20 22 27 32 37 40 42 46 50
26 31 33 34 41 44 50 53 57 61
1 6 11 14 15 19 24 26 28 33
24 29 36 40 43 46 51 57 61 66
14 21 26 30 35 37 42 44 48 50
12 17 22 26 31 32 37 41 44 47
10 12 17 23 25 27 30 34 39 40
11 12 16 17 22 26 27 33 36 39
4
2 4 5 9
2 4 5 10
8 10 12 13
1 2 3 7
3 5 6 11
1 2 3 8
3 5 6 12
4
8 11 14 19
3 6 9 13
5 6 9 11
2 5 7 10
2 3 5 8
5 9 11 16
7 9 11 14
3
2 3 4
3 4 5
1 2 3
1 2 3
3 4 5
3
2 3 4
2 3 4
3 4 5
3 4 5
1 2 3
10
8 10 13 15 16 18 20 22 23 25
13 16 18 19 23 25 27 29 30 31
3 5 7 8 10 12 14 15 16 17
15 17 20 21 25 27 29 30 31 33
12 15 17 18 22 23 24 27 28 30
6 8 10 12 15 16 19 20 21 23
11 12 17 19 20 22 23 24 27 29
15 17 21 23 24 27 28 30 31 33
4 7 9 11 13 15 17 18 19 21
6 7 11 12 13 15 17 18 19 21
3 5 6 7 10 11 12 14 15 17
5 6 9 10 12 14 16 17 18 20
9 12 14 15 18 20 22 24 25 27
7 10 12 13 16 18 20 21 22 24
10 11 15 16 18 20 22 23 25 27
1 3 5 6 8 10 11 13 14 15
13 14 18 20 21 24 25 27 29 30
1 3 4 6 7 9 10 12 13 15
10 14 16 17 20 22 23 25 26 28
2
22 222
22 222
2 22
4
4 6 9 10
1 3 4 5
3 4 5 6
1 2 3 4
5 7 8 10
2 4 5 7
3 5 7 8
4
12 17 24 27
4 8 12 16
9 14 17 22
8 14 19 20
13 19 24 27
4 9 13 17
17 20 27 31
4
1 2 3 4
3 4 5 6
1 2 3 4
2 3 4 5
2 3 4 5
4 5 6 7
4 5 6 7
