Case #1: 3 4 6
Case #2: 8 4
Case #3: 2 9 16 23 30 37 44
Case #4: 3 4 5
Case #5: 2 4 5 10
Case #6: 6 8 9 12 14 15 17
Case #7: 17 22 27 35 39 40 41 43 53
Case #8: 272 162 297 172 301 122 107 240 169 255
Case #9: 9 13 16 18 21 22 23 26
Case #10: 4 6 8 10 11 14
Case #11: 8 12 16 19 22 26 29 32 35
Case #12: 2 4
Case #13: 41 42 43 44 45 46 47 48 49 50
Case #14: 4 5 6 7
Case #15: 3 7 11 15
Case #16: 1 2 5
Case #17: 4 8 9
Case #18: 15 21 24 25 28 30 33 36 37 39
Case #19: 2 4 6 7
Case #20: 85 111 101 134 39 51 61
Case #21: 1 6 7 10 15 18 19 21 26 29
Case #22: 222 22
Case #23: 2 7 8 9 10 11 24
Case #24: 1 2 3 4 5 6 7 8 9 10
Case #25: 6 7 9 12
Case #26: 82 69 54 92
Case #27: 2 4
Case #28: 8 13 16 22
Case #29: 1 2
Case #30: 20 24 28 32 36 39 43 48 51 54
Case #31: 2 3 4
Case #32: 4 9 10 11
Case #33: 2 6
Case #34: 6 11 12 13 17 18
Case #35: 3 11 18 19 20 21 22 23 24 50
Case #36: 18 20 22 30 35 37
Case #37: 1 2 4
Case #38: 1 2 3
Case #39: 2 3
Case #40: 9 13 18 20 22 25 27
Case #41: 6 7 8 9 10 11 12
Case #42: 16 28 29 37 39 42 51 56 58
Case #43: 6 9 12 14
Case #44: 11 14 18 21 27 30 31
Case #45: 11 14 15 17 19 22 25 26 28 30
Case #46: 8 6
Case #47: 3 4 7
Case #48: 8 13 16 21 22 24 34 39 42 43
Case #49: 2 22
Case #50: 13 16 18 20 21 23 24 30 31
