100
2 3 2
1 1 1
2 1 2
3 2 3
15 7 15
1 21 1
86 1 86
27 9 27
10 5 10
10 18 10
22 2 22
3 3 3
13 7 13
100 3 100
4 1 4
38 11 38
80 4 80
2 18 2
23 5 23
97 2 97
32 11 32
4 3 4
1 3 1
21 13 21
21 9 21
60 5 60
30 10 30
3 18 3
73 3 73
70 8 70
59 1 59
75 7 75
20 7 20
34 10 34
1 67 1
57 2 57
6 1 6
1 4 1
29 9 29
15 4 15
2 4 2
1 14 1
100 1 100
30 7 30
4 29 4
4 2 4
2 53 2
6 11 6
2 59 2
49 3 49
20 9 20
41 2 41
81 3 81
14 7 14
3 1 3
1 100 1
37 3 37
12 9 12
3 8 3
63 3 63
4 4 4
86 4 86
88 9 88
6 23 6
3 35 3
37 9 37
1 10 1
1 44 1
77 7 77
79 7 79
15 13 15
87 3 87
38 7 38
74 4 74
48 5 48
5 22 5
6 4 6
93 2 93
80 8 80
1 37 1
86 9 86
2 2 2
43 4 43
1 2 1
3 37 3
97 5 97
1 62 1
14 8 14
57 1 57
8 6 8
100 4 100
3 14 3
15 6 15
2 6 2
96 5 96
100 2 100
90 4 90
44 9 44
3 4 3
100 9 100
